5 -1 #SUP: 1248
51 -1 #SUP: 1419
67 -1 #SUP: 4287
90 -1 #SUP: 1149
93 -1 #SUP: 1143
126 -1 #SUP: 2952
127 -1 #SUP: 2380
177 -1 #SUP: 1254
202 -1 #SUP: 1509
204 -1 #SUP: 1739
218 -1 #SUP: 2271
230 -1 #SUP: 1313
232 -1 #SUP: 1408
233 -1 #SUP: 1393
245 -1 #SUP: 1500
255 -1 #SUP: 1301
269 -1 #SUP: 2165
270 -1 #SUP: 1362
274 -1 #SUP: 1457
275 -1 #SUP: 3829
276 -1 #SUP: 3327
280 -1 #SUP: 2844
281 -1 #SUP: 1364
282 -1 #SUP: 1239
283 -1 #SUP: 1245
285 -1 #SUP: 2458
335 -1 #SUP: 1495
352 -1 #SUP: 1284
360 -1 #SUP: 2597
409 -1 #SUP: 2036
423 -1 #SUP: 1175
431 -1 #SUP: 1285
443 -1 #SUP: 3371
454 -1 #SUP: 1664
455 -1 #SUP: 1235
456 -1 #SUP: 1610
471 -1 #SUP: 1726
472 -1 #SUP: 1924
473 -1 #SUP: 1736
475 -1 #SUP: 1663
476 -1 #SUP: 2701
477 -1 #SUP: 1885
478 -1 #SUP: 1792
480 -1 #SUP: 2390
481 -1 #SUP: 2033
498 -1 #SUP: 1164
504 -1 #SUP: 1900
521 -1 #SUP: 1260
531 -1 #SUP: 3815
537 -1 #SUP: 1390
539 -1 #SUP: 1816
540 -1 #SUP: 1784
552 -1 #SUP: 1550
553 -1 #SUP: 1645
559 -1 #SUP: 1223
570 -1 #SUP: 1909
574 -1 #SUP: 1696
577 -1 #SUP: 1612
578 -1 #SUP: 1178
580 -1 #SUP: 1577
582 -1 #SUP: 1865
584 -1 #SUP: 1745
585 -1 #SUP: 1149
586 -1 #SUP: 1779
587 -1 #SUP: 1186
592 -1 #SUP: 1516
594 -1 #SUP: 1945
638 -1 #SUP: 1823
644 -1 #SUP: 1542
657 -1 #SUP: 2124
658 -1 #SUP: 2404
659 -1 #SUP: 1533
660 -1 #SUP: 1578
661 -1 #SUP: 1629
662 -1 #SUP: 1166
663 -1 #SUP: 2917
665 -1 #SUP: 1357
682 -1 #SUP: 3075
683 -1 #SUP: 1225
684 -1 #SUP: 1852
687 -1 #SUP: 1456
693 -1 #SUP: 1570
696 -1 #SUP: 1251
701 -1 #SUP: 1815
736 -1 #SUP: 1581
746 -1 #SUP: 2210
747 -1 #SUP: 1328
748 -1 #SUP: 1283
804 -1 #SUP: 1406
814 -1 #SUP: 1143
841 -1 #SUP: 1482
866 -1 #SUP: 1513
921 -1 #SUP: 1252
987 -1 #SUP: 1694
1003 -1 #SUP: 1389
1004 -1 #SUP: 1455
1051 -1 #SUP: 1233
1052 -1 #SUP: 1188
1054 -1 #SUP: 1181
1055 -1 #SUP: 1616
1056 -1 #SUP: 1602
1057 -1 #SUP: 2729
1058 -1 #SUP: 1152
1065 -1 #SUP: 1622
1070 -1 #SUP: 1489
1075 -1 #SUP: 1192
1096 -1 #SUP: 1284
1110 -1 #SUP: 1738
1111 -1 #SUP: 1144
1114 -1 #SUP: 1283
1118 -1 #SUP: 1284
1146 -1 #SUP: 1523
1154 -1 #SUP: 1915
1203 -1 #SUP: 1630
1209 -1 #SUP: 1700
1213 -1 #SUP: 1506
1260 -1 #SUP: 1289
1267 -1 #SUP: 1880
1294 -1 #SUP: 2922
1294 -1 3085 -1 #SUP: 1151
1408 -1 #SUP: 1280
1475 -1 #SUP: 3017
1521 -1 #SUP: 1238
1550 -1 #SUP: 1563
1604 -1 #SUP: 1308
1612 -1 #SUP: 2710
1613 -1 #SUP: 1150
1622 -1 #SUP: 2042
1683 -1 #SUP: 1360
1759 -1 #SUP: 2121
1760 -1 #SUP: 1327
1773 -1 #SUP: 1869
1777 -1 #SUP: 1180
1797 -1 #SUP: 1320
1802 -1 #SUP: 1922
1807 -1 #SUP: 1806
1815 -1 #SUP: 1239
1820 -1 #SUP: 1705
1848 -1 #SUP: 1885
1864 -1 #SUP: 1213
1871 -1 #SUP: 2000
2022 -1 #SUP: 1206
2027 -1 #SUP: 1262
2056 -1 #SUP: 1726
2060 -1 #SUP: 1430
2157 -1 #SUP: 1290
2270 -1 #SUP: 1415
2300 -1 #SUP: 1710
2308 -1 #SUP: 1653
2334 -1 #SUP: 1660
2353 -1 #SUP: 1253
2374 -1 #SUP: 1542
2386 -1 #SUP: 2554
2388 -1 #SUP: 4524
2388 -1 1294 -1 #SUP: 1383
2414 -1 #SUP: 1845
2420 -1 #SUP: 1990
2430 -1 #SUP: 1285
2431 -1 #SUP: 1400
2479 -1 #SUP: 1170
2490 -1 #SUP: 1267
2601 -1 #SUP: 1425
2602 -1 #SUP: 1372
2618 -1 #SUP: 1780
2623 -1 #SUP: 1139
2694 -1 #SUP: 1599
2854 -1 #SUP: 1468
2898 -1 #SUP: 1662
2973 -1 #SUP: 1314
3011 -1 #SUP: 1264
3012 -1 #SUP: 1584
3026 -1 #SUP: 1781
3049 -1 #SUP: 1143
3078 -1 #SUP: 1269
3081 -1 #SUP: 1171
3084 -1 #SUP: 1810
3085 -1 #SUP: 2176
3086 -1 #SUP: 1391
3087 -1 #SUP: 1503
3088 -1 #SUP: 1211
3089 -1 #SUP: 1362
3090 -1 #SUP: 1478
3091 -1 #SUP: 1448
3152 -1 #SUP: 1312
3223 -1 #SUP: 1320
3319 -1 #SUP: 2060
3328 -1 #SUP: 1726
3424 -1 #SUP: 1462
3495 -1 #SUP: 1604
3536 -1 #SUP: 1225
3551 -1 #SUP: 1844
3618 -1 #SUP: 1262
3924 -1 #SUP: 2287
4030 -1 #SUP: 1336
4255 -1 #SUP: 1218
4268 -1 #SUP: 1178
4297 -1 #SUP: 1402
4443 -1 #SUP: 1167
5232 -1 #SUP: 1170
5510 -1 #SUP: 1246
5617 -1 #SUP: 1291
6787 -1 #SUP: 1199
6905 -1 #SUP: 1165
